0.03351 35.1195 0.933638
0.125 38.6856 1.84671
0.17 38.4667 1.03564
0.25 39.9357 1.38443
0.3399 40.6749 0.95616
0.36 42.9717 1.07033
0.41 40.8059 1.1032
0.414 42.8313 1.21619
0.434 41.5047 0.985045
0.45 41.8452 1.0036
0.49 39.7308 0.946699
0.5295 42.6995 1.03825
0.54 39.9036 0.925708
0.542 41.4047 0.975989
0.543 42.2564 1.32376
0.544 42.0376 0.927353
0.55 42.5063 0.951189
0.606 41.6888 0.940851
0.618 43.7538 1.07668
0.6528 41.8718 1.00894
0.677 43.7533 0.983363
0.689 43.868 0.93225
0.69 42.2854 0.928094
0.695 43.1984 1.11582
0.706 41.2777 0.945272
0.716 40.4242 0.95484
0.716 41.2868 1.01881
0.736 44.393 0.9305
0.78 40.8528 0.974974
0.8 42.3122 1.13123
0.8049 44.9536 0.94066
0.82 42.816 0.942884
0.835 44.1715 1.08963
0.842 42.7009 1.09192
0.846 43.8624 0.92956
0.859 43.1051 1.13207
0.8969 44.5543 0.999868
0.937 42.9071 0.931116
0.947 42.1526 1.03421
0.958 42.9866 1.00157
0.966 44.2503 0.957411
0.971 42.7535 1.19374
1. 43.5588 1.33824
1.01 43.7735 1.20912
1.02 42.444 1.00615
1.03 43.6536 0.95959
1.06 44.5421 1.00544
1.063 44.5447 0.945957
1.083 43.1534 0.974899
1.092 43.1454 0.93459
1.096 45.4997 1.27239
1.1 44.1225 1.08084
1.11 43.7092 1.27607
1.12 43.2984 0.940538
1.1588 45.0298 1.09402
1.24 43.924 0.945337
1.25 42.8407 1.05146
1.262 43.3478 0.963166
1.297 42.4236 0.945544
1.3 42.8153 1.02406
1.314 45.6168 0.953501
1.331 42.5292 1.34174
1.35 44.8194 0.949447
1.368 44.812 0.942611
1.405 44.7159 0.94466
1.44 43.2858 0.95932
1.4436 43.8132 1.01313
1.46 44.1083 1.11878
1.48 43.9951 1.0662
1.48 43.5582 0.929143
1.489 45.0134 1.043
1.52 42.871 0.978916
1.547 45.9243 0.946461
1.547 44.0644 0.973486
1.563 42.781 1.69995
1.567 43.8473 0.927328
1.6 44.1755 1.0596
1.604 46.5316 0.962389
1.608 46.8731 1.03718
1.613 44.6927 0.948442
1.619 44.3532 0.946002
1.64 45.0375 0.958753
1.6919 43.2837 1.03666
1.71 45.675 0.960875
1.727 43.2599 0.973643
1.728 44.3889 0.946023
1.77 42.9739 0.944986
1.798 44.5549 0.94189
1.8 45.3824 0.948821
1.822 44.7661 0.925467
1.858 45.1695 1.23345
1.8836 46.2739 1.28842
1.9 45.7854 1.13272
1.9229 44.6651 1.11463
1.95 46.5089 1.08858
1.9685 44.6084 0.999689
1.98 44.5553 1.02204
2.05 46.8257 1.31834
2.07 43.9293 0.936188
2.0858 44.6893 1.56663
2.088 45.8633 0.983381
2.106 46.3176 0.965919
2.1062 43.7433 0.925125
2.14 44.7932 0.957566
2.145 47.4073 0.984835
2.199 46.4216 1.06071
2.2 44.9272 0.931098
2.2045 46.8579 0.931104
2.22 45.2389 1.20041
2.26 43.8782 0.929903
2.27 45.029 0.935913
2.296 45.502 1.15448
2.3 46.2112 1.2461
2.346 46.8641 1.16259
2.433 46.867 1.09682
2.452 47.364 1.13965
2.486 44.8287 0.944518
2.488 45.181 0.942494
2.512 45.5879 0.934876
2.58 44.4939 0.943808
2.591 46.1254 0.958853
2.615 45.9102 1.00661
2.65 45.6525 1.00258
2.671 45.3823 0.943181
2.69 46.1013 1.16024
2.752 45.5087 1.07352
2.77 46.0964 0.9302
2.821 46.6406 0.937652
2.83 46.6737 0.930181
2.893 47.598 1.08191
2.8983 45.3038 1.02857
3. 46.1498 1.10789
3.036 46.0503 0.959184
3.038 44.8963 1.19331
3.075 46.7497 1.03846
3.2 45.7872 1.11734
3.22 45.5887 1.00027
3.35 47.5973 0.954116
3.36 47.7168 1.01118
3.37 47.4274 1.22111
3.42 47.0429 0.996013
3.424 47.0792 1.05247
3.5 46.7831 1.23155
3.5 45.2884 0.974999
3.5328 46.978 1.1415
3.57 45.8457 0.986639
3.6 45.6286 1.09246
3.758 47.5053 0.963238
3.796 46.1613 1.12782
3.91 46.6447 1.11229
3.93 47.0881 1.17098
4.0559 48.3284 1.27013
4.109 46.899 1.19876
4.1745 47.4784 1.00188
4.35 47.145 0.960048
4.5 46.1465 1.22279
4.6497 49.1939 1.1254
5.46 47.1793 1.06039
6.295 49.5673 1.13213
6.695 49.788 1.31553
8.1 49.2684 1.0345
9.3 50.0158 0.959439




















